epochs: 200
gpu: cuda:0
lr_decay_patience: 10
early_stop_patience: 30
lr_decay_factor: 0.5
split by: groups
seed: 3042
k : 10


batch_size: 32
init_lr: 0.001
min_lr :  0.0001
weight_decay : 0

DA : False
Freeze : True
Load pretrained model : True

transformer:
  ntoken: 1295
  d_model: 256
  nhead: 4
  d_hid: 512
  nlayers: 3
  dropout: 0

#19.409514191580232 28.659333417225312 0.8679331631480276